11.017221450805664 -22.77257118608229
10.996076583862305 -27.185833482102275
11.084179878234863 -9.662889183544706
12.333880424499512 -26.312906430290628
10.723847389221191 -15.585913912696913
10.605591773986816 -12.809893312301593
13.272119522094727 -2.8003019951927293
11.085524559020996 -23.106148390191514
10.550920486450195 -20.219318231627152
11.102108001708984 -13.039214769800463
11.568793296813965 -4.674547754785827
10.824234008789062 -12.812200764330854
12.635308265686035 -14.697756546560122
10.336661338806152 -20.838774336724512
11.426301002502441 -24.41748492818162
11.151017189025879 -8.5253891965788
12.056087493896484 -18.858174455066525
11.384675979614258 -13.546391918459967
8.565943717956543 -12.352248325012877
11.609325408935547 -10.952084347460378
11.87295150756836 -19.747390252715764
12.574462890625 -16.660973455293416
11.840131759643555 -10.629179601552607
11.647640228271484 -5.957660977677268
11.88674545288086 -14.480982973656076
8.517492294311523 -13.45071262987167
9.945341110229492 7.426926468733225
8.4774808883667 -10.638664538247752
11.931218147277832 -9.666595385738265
12.392154693603516 -19.93292258871954
11.115204811096191 -0.802049936847844
10.742484092712402 -9.422896201752625
12.087099075317383 -20.554179609368457
11.978981018066406 -7.058059713796936
12.639134407043457 -18.269596469086736
13.053260803222656 -2.885198255954357
11.754332542419434 -6.033804158394982
11.090408325195312 0.2092961151189634
11.542215347290039 -2.225375530789517
13.005610466003418 -4.1881307988656005
13.23455810546875 -2.902153308267742
11.944500923156738 -10.532225062713842
12.835699081420898 -11.24279971104902
11.567763328552246 -1.9789258332545963
11.217713356018066 -10.680420426024586
10.492406845092773 2.118816642620974
10.971505165100098 -15.587493702408782
13.570463180541992 -3.726938298131902
10.63465690612793 -15.048421968525236
12.670637130737305 -10.011100061388849
11.19295883178711 -20.9653995606525
12.699835777282715 -17.512780264468557
13.322386741638184 -4.871853189551015
11.37544059753418 -15.438040156879143
11.18073844909668 -22.341617143483568
10.726290702819824 -10.600305935542554
10.499406814575195 -24.766177322782063
10.562411308288574 -12.4748373031122
12.445470809936523 4.970391937631234
11.928058624267578 -14.949885280592778
12.4674072265625 -17.322690498763535
10.382987976074219 -13.532706305713482
12.001473426818848 -16.02867535484981
12.924942016601562 -4.695231713629166
10.692301750183105 -12.115210239447471
13.95569133758545 -10.821155016231831
11.208414077758789 2.6362578935548555
11.859360694885254 -8.63369699757025
15.461892127990723 3.030941296277881
12.353436470031738 -3.9741816382559954
13.169055938720703 1.3923211834753637
9.65208625793457 13.549915128945063
12.869524955749512 -5.098119205166952
10.774989128112793 -8.300650727029648
11.548125267028809 -1.7657819919365565
11.074187278747559 -11.377413066044863
12.724706649780273 3.3372134446921287
12.19132137298584 0.04609830898238343
10.754961013793945 -12.076341578918445
12.502548217773438 -9.191038401426464
10.86772346496582 0.49804201538662696
10.685647010803223 -10.036177331147286
10.865320205688477 2.706371315266413
11.077651977539062 -10.99590752660988
11.970084190368652 -12.67776631137248
13.745076179504395 -2.490523622553024
11.391447067260742 -8.795125866233722
12.116905212402344 0.6289667486446575
11.929349899291992 10.748801022543017
13.56568717956543 -1.1983413873120305
12.375898361206055 -8.865235253402261
12.179235458374023 10.263460926559507
11.995891571044922 -8.100444425898587
12.48289680480957 6.358176147472868
14.00521469116211 -4.708541364494884
15.14626693725586 17.683097498694302
11.949804306030273 -7.450639543212162
11.340741157531738 7.608492388412053
10.420541763305664 12.860835463589552
11.408927917480469 -5.976881463553308
11.867666244506836 -37.93196854673596
11.83627700805664 -30.429298232624063
9.356082916259766 -8.642001346344195
8.905858039855957 7.104489056950751
13.674112319946289 17.422091836519805
11.223426818847656 -26.634525883999384
11.712066650390625 -9.554940772620121
9.807351112365723 3.432099189971151
12.147459030151367 14.673492563344375
13.613082885742188 2.2941452506167224
12.779086112976074 -11.596562813135922
11.775410652160645 -7.754605993506701
9.804409980773926 9.809737040147773
11.513134002685547 -7.012693277774002
13.47848892211914 2.061034857757619
13.650114059448242 2.0122432382320063
12.461651802062988 -16.540196219132042
13.258763313293457 13.00720957400247
11.228192329406738 -2.4935082039462984
12.431151390075684 5.548559946685149
11.89673137664795 -12.252651475875975
12.787832260131836 -6.745174608407904
11.320971488952637 12.78824075649922
12.137309074401855 18.912463331632893
12.403059959411621 -13.595566375613647
14.192684173583984 27.30960164103952
12.163851737976074 -5.465130143618076
11.027790069580078 -13.627790029911665
13.162666320800781 14.052539859850334
10.831294059753418 22.23817520857854
12.42366886138916 -19.007744015727397
14.811237335205078 22.817762030598978
14.299004554748535 8.400945440625325
9.038396835327148 17.545429776351146
13.929729461669922 11.158600593560983
12.956801414489746 6.306527592696703
12.013731002807617 13.842201512163175
10.652780532836914 -10.060151623000401
12.939440727233887 10.38664240788113
14.945087432861328 6.3226871906806785
10.361249923706055 16.46614585311436
11.201692581176758 18.919092662030554
12.978408813476562 5.078640158164699
7.009274959564209 -9.738124772480806
10.489209175109863 21.551021545742305
9.307575225830078 8.056102178587246
11.98371696472168 34.52381212187244
13.631711959838867 20.748536302826917
14.703568458557129 20.56375416421512
13.033018112182617 9.953577975792594
11.997005462646484 -38.098890207029804
11.698955535888672 -36.54429778502376
12.818865776062012 5.112764921039698
14.256478309631348 -7.595680712932271
10.441118240356445 -21.13792256041562
13.103090286254883 -13.6308971943144
11.155285835266113 -6.986692575684685
14.865150451660156 -4.624808781231817
11.605537414550781 -9.620905276891218
12.248538970947266 17.682519938084674
12.911735534667969 -5.39882951507586
9.215087890625 6.382908728700233
11.474472999572754 -8.868909206598751
13.360638618469238 13.003875765438021
12.059768676757812 -6.986120216921751
9.896573066711426 11.525258397541798
10.442767143249512 -8.263659221079308
10.313593864440918 17.067441837684107
12.453625679016113 -18.64903356980772
12.842025756835938 1.9144735238095194
12.711034774780273 -4.526712062003568
8.871920585632324 8.222414197513253
11.825332641601562 1.632475933140757
14.306425094604492 19.61466588716224
14.983475685119629 15.574187442755857
13.025450706481934 -10.835371182781255
11.603363990783691 7.236337973295878
12.351038932800293 -16.973577899943805
12.829538345336914 8.454597894868762
13.491491317749023 -2.9471858658100594
13.306290626525879 19.09990165563582
10.004071235656738 7.524501767355954
14.69713020324707 22.005981436875746
11.416560173034668 19.449051825975534
10.079930305480957 15.052134646773222
13.865829467773438 24.364156234825952
12.709229469299316 -2.80971552487339
14.38648509979248 38.33738762806055
13.566612243652344 20.66803828991316
13.10777759552002 9.481958484330342
14.153680801391602 22.59322448727479
14.272565841674805 10.444633143188426
14.486336708068848 30.29723789917282
12.829009056091309 6.460887398541683
13.239123344421387 -5.411218256858913
12.58334732055664 -5.864003623120027
9.54777717590332 1.5196064426692644
15.280123710632324 4.045842995918818
12.215279579162598 0.7939231128410178
10.471517562866211 -4.419409354682358
