13.894407272338867 21.83625280400598
13.102807998657227 5.905052650825539
14.066694259643555 18.890481263615026
12.965642929077148 2.508774093125883
13.136130332946777 -17.36497114399492
12.820820808410645 26.263451240383656
13.805901527404785 15.75211158408391
14.868038177490234 6.873862977760041
14.166561126708984 3.9661582513038987
15.004942893981934 41.01391752189688
11.19613265991211 5.796669056967943
13.52757453918457 4.248756618913767
12.739095687866211 27.691813352093412
12.802802085876465 2.7829371764578603
10.416619300842285 20.648368860258042
13.364513397216797 16.522431251829413
14.427762985229492 19.257153588295548
11.803598403930664 -7.266942226469379
12.091498374938965 22.86902956533009
12.91158390045166 17.233000097423226
13.334647178649902 6.613660718343205
12.344072341918945 26.9987880516163
12.269388198852539 -2.374609007525912
13.082582473754883 -10.469057242589958
13.244720458984375 24.0621461267638
13.987174987792969 -3.482884797959766
11.876033782958984 14.893318244867281
12.033632278442383 30.756217275343705
11.790396690368652 48.963009219180364
12.042610168457031 14.044956766021926
12.296854972839355 -13.178960807539895
13.097342491149902 1.7196886236679383
10.085450172424316 28.43494873499648
13.063206672668457 -10.2069096241936
11.9715576171875 45.248888820844364
12.73611831665039 -5.564005050983145
11.311734199523926 17.35394198812428
10.517170906066895 13.743227459341899
13.908377647399902 19.204494394088716
12.503422737121582 8.131019014126355
